[gd_scene load_steps=2 format=3 uid="uid://btgpwpis350si"]

[ext_resource type="PackedScene" uid="uid://cf3dicswiy0ad" path="res://assets/Art/3d/PC/Character_MC.glb" id="1_xikf5"]

[node name="MC" type="Node3D"]

[node name="Character_MC" parent="." instance=ExtResource("1_xikf5")]
transform = Transform3D(1, 0, 0, 0, 1, 0, 0, 0, 1, -0.025049, -1.19209e-07, -0.193782)

[node name="Skeleton3D" parent="Character_MC/root" index="0"]
bones/14/rotation = Quaternion(-8.43221e-09, 0.707107, 0.707107, -5.33851e-08)
bones/15/rotation = Quaternion(-8.43214e-09, 0.707107, 0.707107, -5.33851e-08)
bones/32/rotation = Quaternion(4.08138e-08, 0.707107, 0.707107, -5.33851e-08)
bones/51/rotation = Quaternion(3.19102e-09, -0.564537, 1.03657e-08, 0.825408)
bones/79/rotation = Quaternion(0.805106, -0.0720245, -0.58717, 0.042987)

[node name="Hat" parent="Character_MC/root/Skeleton3D" index="0"]
transform = Transform3D(0.999714, -0.0239373, -0.000345554, 0.0239154, 0.99924, -0.0307622, 0.00108166, 0.0307451, 0.999527, 0.067599, 0.133438, -0.160042)

[node name="NurbsPath_010" parent="Character_MC/root/Skeleton3D" index="1"]
transform = Transform3D(0.999714, -0.0239373, -0.000345554, 0.0239154, 0.99924, -0.0307622, 0.00108166, 0.0307451, 0.999527, 0.067599, 0.133438, -0.160042)

[node name="Cube" parent="Character_MC/root/Skeleton3D" index="2"]
transform = Transform3D(1, -2.85826e-06, -3.81993e-10, -3.82111e-10, -4.12013e-08, -1, 2.85826e-06, 1, -4.12013e-08, -5.35512e-08, 4.06727, -0.261506)

[node name="Cube" parent="Character_MC/root/Skeleton3D/Cube" index="0"]
transform = Transform3D(1, -6.70759e-06, 6.97615e-06, -6.70683e-06, 0.039347, 0.999226, -6.97689e-06, -0.999226, 0.039347, -2.8871e-07, -0.0423764, 3.80485)

[editable path="Character_MC"]
