[gd_scene load_steps=2 format=3 uid="uid://btgpwpis350si"]

[ext_resource type="PackedScene" uid="uid://cf3dicswiy0ad" path="res://assets/Art/3d/PC/Character_MC.glb" id="1_xikf5"]

[node name="MC" type="Node3D"]

[node name="Character_MC" parent="." instance=ExtResource("1_xikf5")]
transform = Transform3D(1, 0, 0, 0, 1, 0, 0, 0, 1, -0.025049, -1.19209e-07, -0.193782)

[node name="Skeleton3D" parent="Character_MC/root" index="0"]
bones/0/position = Vector3(-0.422436, 5.58839, 3.6666)
bones/0/rotation = Quaternion(0.0991828, -0.719994, -0.06496, 0.683777)
bones/2/rotation = Quaternion(-7.21775e-09, 1, -1.86264e-09, -5.49541e-07)
bones/3/position = Vector3(0.0494249, -0.355572, -0.179402)
bones/3/rotation = Quaternion(0.125824, -0.0425428, 0.0262991, 0.990791)
bones/4/position = Vector3(-0.0242489, 3.47704, -0.241951)
bones/4/rotation = Quaternion(-5.74128e-08, -3.57919e-06, -3.72524e-09, 1)
bones/5/rotation = Quaternion(0.0432056, 0.000171281, 0.000671067, 0.999066)
bones/6/position = Vector3(-2.23517e-08, 0.532884, -6.61735e-08)
bones/6/rotation = Quaternion(0.0362845, 0.00718038, -0.0425349, 0.99841)
bones/7/rotation = Quaternion(0.0542079, -1.17245e-09, -4.17386e-09, 0.99853)
bones/8/rotation = Quaternion(0.046887, -0.00112832, -0.0103741, 0.998846)
bones/9/position = Vector3(-0.0719552, 0.571809, 0.0434838)
bones/9/rotation = Quaternion(-0.189604, 0.010138, 0.0458265, 0.980738)
bones/14/rotation = Quaternion(-8.76148e-09, 0.707107, 0.707107, -5.23973e-08)
bones/15/rotation = Quaternion(-8.76142e-09, 0.707107, 0.707107, -5.23973e-08)
bones/32/rotation = Quaternion(4.04845e-08, 0.707107, 0.707107, -5.10802e-08)
bones/36/rotation = Quaternion(0.640094, 0.609785, 0.322376, -0.3384)
bones/47/position = Vector3(-0.074712, 0.23373, -0.0520466)
bones/47/rotation = Quaternion(0.561182, -0.467104, -0.520104, -0.443148)
bones/47/scale = Vector3(0.967781, 0.967781, 0.967781)
bones/48/rotation = Quaternion(-0.482197, 0.256522, 0.0294067, 0.837148)
bones/48/scale = Vector3(1.03329, 0.944336, 1.03329)
bones/49/rotation = Quaternion(4.38692e-07, 0.215739, 2.22345e-07, 0.976451)
bones/49/scale = Vector3(0.967781, 1, 0.967781)
bones/50/rotation = Quaternion(-0.199251, -0.00293458, 0.438342, 0.87644)
bones/50/scale = Vector3(1.05525, 0.912293, 1.01129)
bones/51/rotation = Quaternion(3.28735e-08, -0.735714, 3.6735e-09, 0.677293)
bones/52/rotation = Quaternion(0.348595, -0.623125, 0.377502, 0.589652)
bones/52/scale = Vector3(1.00019, 1.04034, 1.09413)
bones/55/position = Vector3(-0.000590408, 0.263758, 0.0300972)
bones/55/rotation = Quaternion(0.206805, 0.128397, 0.0556778, 0.968321)
bones/58/rotation = Quaternion(0.0226668, 5.86133e-05, 0.00657538, 0.999722)
bones/59/rotation = Quaternion(0.279594, 0.121778, 0.341084, 0.88919)
bones/60/position = Vector3(0.064397, 0.237728, -0.0554083)
bones/60/rotation = Quaternion(0.650686, 0.367926, 0.437616, -0.499731)
bones/60/scale = Vector3(0.967781, 0.967781, 0.967781)
bones/61/rotation = Quaternion(-0.37617, -0.0245779, 0.0328681, 0.925641)
bones/61/scale = Vector3(1.03329, 0.979378, 1.03329)
bones/62/rotation = Quaternion(-5.50705e-08, -0.434511, -2.47523e-07, 0.900667)
bones/62/scale = Vector3(0.967781, 0.999999, 0.967781)
bones/63/rotation = Quaternion(-0.301823, 0.00961999, -0.554394, 0.775537)
bones/63/scale = Vector3(1.04214, 0.814958, 1.01148)
bones/64/rotation = Quaternion(8.16612e-08, 0.836496, -2.78425e-08, 0.547973)
bones/65/rotation = Quaternion(-0.108769, 0.831514, 0.0686242, 0.540411)
bones/65/scale = Vector3(1.00242, 1.2177, 1.01379)
bones/68/position = Vector3(0.000591221, 0.263759, 0.0300973)
bones/68/rotation = Quaternion(0.206805, -0.128397, -0.0556778, 0.968321)
bones/71/rotation = Quaternion(0.0226668, -5.86152e-05, -0.0065754, 0.999721)
bones/72/rotation = Quaternion(0.279594, -0.121778, -0.341084, 0.88919)
bones/73/rotation = Quaternion(0.47275, 0.3232, 0.596835, 0.561995)
bones/73/scale = Vector3(1, 0.927329, 1)
bones/74/rotation = Quaternion(3.49245e-08, -0.22347, -2.01494e-08, 0.974711)
bones/75/rotation = Quaternion(-0.105781, 0.0226981, 0.883625, 0.455524)
bones/75/scale = Vector3(1.05043, 0.972608, 1.00149)
bones/76/rotation = Quaternion(0.710005, 0.367448, -0.139738, 0.58425)
bones/76/scale = Vector3(1.00753, 1.00036, 1.04955)
bones/77/rotation = Quaternion(-0.0202395, 0.901448, 0.368176, 0.226779)
bones/78/rotation = Quaternion(8.00482e-08, -0.542261, -1.05183e-08, 0.84021)
bones/79/rotation = Quaternion(0.970137, -0.023027, -0.223269, 0.0919513)
bones/79/scale = Vector3(0.999997, 0.870964, 1)
bones/80/rotation = Quaternion(8.63036e-07, -0.395557, 4.4555e-07, 0.918441)
bones/81/rotation = Quaternion(0.319714, 0.0124435, -0.127191, 0.938856)
bones/81/scale = Vector3(1.03616, 0.788553, 1.04664)
bones/82/rotation = Quaternion(-0.0873965, 0.750189, -0.634357, -0.164832)
bones/82/scale = Vector3(1.00448, 1.02479, 1.49167)
bones/83/rotation = Quaternion(0.020598, 0.854315, 0.335589, -0.396361)
bones/84/rotation = Quaternion(-6.99349e-08, -0.436736, -4.44961e-08, 0.89959)

[node name="Hat" parent="Character_MC/root/Skeleton3D" index="0"]
transform = Transform3D(0.995887, -0.0792692, -0.0438797, 0.0651324, 0.963014, -0.261461, 0.0629825, 0.257527, 0.964216, 0.0965199, -0.508598, 0.250103)

[node name="NurbsPath_010" parent="Character_MC/root/Skeleton3D" index="1"]
transform = Transform3D(0.995887, -0.0792692, -0.0438797, 0.0651324, 0.963014, -0.261461, 0.0629825, 0.257527, 0.964216, 0.0965199, -0.508598, 0.250103)

[node name="Cube" parent="Character_MC/root/Skeleton3D" index="2"]
transform = Transform3D(0.994996, -0.0776911, 0.0628197, 0.0414063, -0.251568, -0.966954, 0.0909271, 0.964716, -0.247092, -0.207675, 3.57963, 0.57527)

[node name="Cube" parent="Character_MC/root/Skeleton3D/Cube" index="0"]
transform = Transform3D(1, -6.70759e-06, 6.97615e-06, -6.70683e-06, 0.039347, 0.999226, -6.97689e-06, -0.999226, 0.039347, -2.8871e-07, -0.0423764, 3.80485)

[editable path="Character_MC"]
